2035.60 0
0 397 406 407 408 369 403 402 343 249 283 42 0
0 100 279 339 340 400 368 395 394 248 275 40 0
0 146 327 307 387 367 392 391 332 247 0
0 263 323 383 384 366 379 306 378 319 79 0
0 84 322 373 361 382 324 246 264 204 126 24 0
0 299 251 311 419 371 376 375 255 76 0
0 13 181 205 265 320 325 380 385 386 326 267 266 207 32 0
0 68 215 188 280 398 399 308 335 274 0
0 163 223 189 288 348 309 347 228 129 103 0
0 111 231 190 310 411 370 416 250 0
0 0
0 138 199 186 259 318 377 374 315 314 413 312 257 252 197 0
0 87 67 152 211 212 271 330 362 393 334 88 0
0 34 95 128 220 338 389 363 401 342 282 43 0
0 48 287 346 364 409 410 351 356 415 355 295 116 0
0 130 236 354 405 365 414 296 291 350 290 170 0
0 57 58 11 71 136 195 131 119 16 0
0 12 240 300 360 372 317 258 198 139 0
0 19 66 144 203 262 313 301 260 200 145 140 80 0
0 31 91 242 270 321 302 328 273 154 94 0
0 160 219 278 329 303 396 341 336 281 69 102 96 0
0 47 9 167 277 226 244 224 169 110 109 104 0
0 56 70 176 235 294 345 305 412 357 298 178 0
0 135 239 358 417 418 359 316 256 191 196 353 254 173 113 0
0 72 17 18 6 143 253 202 241 206 147 27 0
0 92 127 187 272 331 390 381 388 333 214 155 35 0
0 39 8 159 269 218 243 276 221 222 162 0
0 108 168 227 286 337 304 404 349 344 289 230 171 51 50 0
0 55 10 175 285 234 245 352 297 238 179 59 0
0 28 93 148 122 62 2 0
0 36 3 63 123 98 149 38 89 29 0
0 0
0 52 5 65 125 114 165 54 105 45 0
0 15 75 134 233 180 293 194 60 0
0 73 22 133 82 121 85 86 7 26 25 20 0
0 23 83 142 193 61 1 0
0 21 81 30 90 141 150 201 151 261 210 182 268 213 153 208 33 0
0 99 158 209 183 216 161 156 101 41 157 106 64 97 0
0 107 166 217 184 284 229 124 164 49 4 0
0 37 46 44 115 174 225 185 292 237 232 177 118 117 172 112 0
0 53 14 74 120 192 137 78 77 132 420 0